#-*-coding:utf-8-*-
# 
# #-------------------------
# # parameters
# #-------------------------
# LIGHTC=3.066e2#kpc/Myr
# RCR=7#kpc
# ALPHA=3#adim
# SIGMA0=5e7#Msol/kpc^2
# RGAS=10#kpc
# 
# #enoncé
# KAPPA=5e-12#kpc^2/Msol
# #mieux ?
# #KAPPA=5e-6#kpc^2/Msol
# 
# 
# GAMMA=1#adim
# EMIN=1e2#GeV
# EMAX=1e7#GeV
# H0=4#kpc
# LAMBDA0=1e-3#kpc à 1 GeV (???)
# BETA=0.5#adim
# 
# 
# ##
# SAMPLESIZE=int(1e3)
# TIMESTEP=1e-4#???
# MAXEPOCH=5e4 #???
# 
# 
# ##plotting
# ALPHA=0.8
# SIZE=0.8
# STYLE='stepfilled'


#r(kpc)		h(kpc)		E(GeV)		last iter	abs/esc flag

2.727765e+01	-4.012682e+00	4.387421e+06	      5209	         2
7.753121e+02	-4.002061e+00	8.758330e+06	      1505	         2
8.541256e+00	4.012440e+00	9.151392e+06	       476	         2
2.432394e+01	-4.001444e+00	7.952569e+06	      1184	         2
9.981363e+00	-4.007808e+00	7.587546e+06	      2715	         2
1.007425e+01	4.000176e+00	8.969488e+06	      1727	         2
6.627532e+01	-4.006273e+00	3.628562e+06	      3459	         2
2.047794e+02	4.009112e+00	2.299853e+06	      4406	         2
1.300113e+01	4.016211e+00	1.298073e+06	      1187	         2
1.340924e+01	-4.017846e+00	1.176961e+06	      1211	         2
1.849192e-02	-4.005005e+00	7.753524e+06	       943	         2
1.133906e+01	4.000860e+00	3.294885e+06	      4921	         2
1.542109e+00	-4.009658e+00	4.532771e+06	      1062	         2
9.805299e+00	4.001539e+00	8.069606e+06	      1489	         2
9.001334e+01	4.010952e+00	7.843579e+06	      1018	         2
1.487905e+01	4.017402e+00	5.066799e+06	       476	         2
1.953677e+01	-4.007825e+00	4.200801e+06	       856	         2
4.085652e+00	-4.012476e+00	6.562784e+05	       692	         2
2.380654e+01	-4.016023e+00	3.518226e+06	      1522	         2
1.620127e-01	4.006499e+00	1.583873e+06	      5872	         2
2.674932e+01	-4.010716e+00	3.734683e+06	       908	         2
1.159150e+00	-4.002673e+00	9.714570e+06	      2751	         2
9.474905e+01	-4.011864e+00	6.282184e+06	       327	         2
2.117243e+01	-4.012086e+00	2.303719e+06	      4650	         2
1.035316e+00	4.000602e+00	6.624335e+06	       740	         2
7.700315e+00	-4.005280e+00	2.868698e+06	       601	         2
1.391644e+00	-4.020048e+00	7.723410e+06	      1780	         2
1.715057e+01	4.000240e+00	2.754878e+04	      2895	         2
1.877059e+01	-4.008593e+00	3.947385e+06	      1493	         2
1.001356e+01	-4.005617e+00	3.528571e+06	      2793	         2
1.013872e+02	-4.003508e+00	5.337447e+05	      3219	         2
3.673990e+00	4.008429e+00	1.661535e+06	      1686	         2
3.687673e+00	4.005712e+00	8.677221e+06	       701	         2
3.993021e+00	4.016086e+00	8.924415e+06	       658	         2
3.165698e+01	4.016791e+00	7.155457e+06	      1318	         2
2.722163e+02	-4.011049e+00	5.418045e+06	       807	         2
8.871313e-01	4.005325e+00	6.978314e+06	       618	         2
7.303800e+00	4.010764e+00	6.553098e+06	       292	         2
1.345614e+01	4.008947e+00	7.607384e+06	       791	         2
6.397956e+01	-4.006882e+00	1.604838e+06	       225	         2
8.885315e+00	4.014688e+00	5.597435e+06	       819	         2
1.386462e+00	4.001092e+00	7.785924e+06	      1391	         2
9.011964e-03	-4.009665e+00	7.006996e+06	      1998	         2
6.681922e+03	4.005672e+00	8.144725e+06	       836	         2
1.250071e+01	4.012489e+00	3.115031e+06	       291	         2
1.144008e+01	-4.015260e+00	6.755650e+06	      2547	         2
8.089631e+01	4.014188e+00	4.025359e+06	       695	         2
1.966254e+00	4.004838e+00	8.543308e+06	       835	         2
2.141256e+00	4.008349e+00	2.118130e+06	      3061	         2
3.962338e+00	4.006108e+00	4.150627e+06	       820	         2
2.814243e+00	-4.012529e+00	3.345815e+06	       668	         2
1.114685e+01	4.009723e+00	5.998426e+06	       221	         2
4.290290e+00	-4.001626e+00	8.436337e+06	       357	         2
7.835291e+01	-4.004260e+00	4.609254e+06	       999	         2
3.911337e+00	4.011779e+00	8.168200e+06	       462	         2
6.712969e+00	4.003054e+00	1.542293e+06	       782	         2
5.417418e+00	4.005137e+00	9.331713e+06	      1021	         2
1.133972e+01	-4.000616e+00	6.557080e+06	       142	         2
2.813540e+01	-4.009043e+00	8.481376e+06	       389	         2
1.549497e+00	-4.008364e+00	8.630665e+06	      1008	         2
9.513578e+00	-4.000525e+00	3.762207e+06	      1260	         2
7.505632e+00	-4.020632e+00	1.317210e+06	      2792	         2
6.891927e+00	-4.005017e+00	4.480048e+06	      1320	         2
2.762442e+00	4.000628e+00	3.124410e+06	      1028	         2
2.092299e+00	4.002023e+00	4.456933e+06	      2331	         2
7.971077e-03	-4.000589e+00	7.465344e+06	       335	         2
4.127881e+01	4.011017e+00	7.283557e+06	       612	         2
1.167657e+01	-4.004335e+00	9.881200e+06	       617	         2
6.846711e+01	-4.020716e+00	2.918346e+05	      2168	         2
1.467651e+01	-4.009676e+00	4.046006e+06	       337	         2
1.689559e+01	-4.000747e+00	2.262821e+06	      1493	         2
1.893637e+00	4.007252e+00	1.022449e+06	      8917	         2
2.199209e+02	4.001357e+00	9.481460e+06	       767	         2
1.161590e+01	-4.016083e+00	9.508909e+05	       569	         2
4.516125e+01	-4.004982e+00	2.385324e+06	       852	         2
1.437183e+00	-4.005534e+00	7.282913e+06	      1060	         2
3.522326e+01	4.003158e+00	1.157803e+06	       600	         2
4.804379e+02	4.005580e+00	2.610652e+06	      6556	         2
1.178296e+01	-4.018564e+00	1.433187e+06	      1813	         2
4.458717e+01	4.013958e+00	4.537082e+06	      1111	         2
8.686815e-04	4.000931e+00	7.019484e+06	       319	         2
1.425548e+01	4.022331e+00	2.320649e+06	       977	         2
3.233573e+00	-4.010892e+00	4.969799e+06	       703	         2
8.135537e+00	4.011598e+00	6.651773e+06	       327	         2
1.985848e+01	-4.006969e+00	9.190200e+06	       152	         2
1.067711e+01	-4.021173e+00	2.395692e+06	       976	         2
2.274021e+00	-4.016843e+00	6.402103e+06	      1158	         2
8.909989e+01	-4.010835e+00	1.277612e+06	       671	         2
2.869360e+02	4.001297e+00	3.152581e+06	       316	         2
4.151752e+01	-4.012422e+00	1.654118e+06	       990	         2
4.664765e+00	-4.007128e+00	2.875694e+06	      1763	         2
6.704871e+01	4.006626e+00	4.477937e+05	      2111	         2
2.611594e+00	4.008502e+00	5.204616e+04	      4366	         2
6.150092e+00	-4.009504e+00	1.720621e+06	      1025	         2
8.636304e+00	-4.011521e+00	4.778091e+06	       742	         2
4.550261e+00	4.007492e+00	8.420174e+06	       951	         2
2.483018e+01	4.008259e+00	5.829683e+06	       900	         2
1.276708e+00	4.027308e+00	4.654886e+06	       964	         2
8.595363e+00	4.003499e+00	9.228211e+06	       330	         2
2.867478e+01	-4.003310e+00	2.730723e+06	       834	         2
2.673978e+00	4.027294e+00	3.304360e+06	      1268	         2
3.941718e-01	-4.001139e+00	1.725147e+06	      3202	         2
1.136401e+01	-4.009433e+00	6.077066e+06	       411	         2
2.021313e+03	4.009457e+00	5.863862e+06	       958	         2
6.687234e+00	4.005001e+00	6.055238e+06	      1238	         2
1.818316e+01	-4.000834e+00	3.310962e+06	      1760	         2
1.141739e+02	4.014535e+00	1.267223e+06	      2425	         2
7.135777e+01	-4.004314e+00	2.030304e+06	       851	         2
8.021733e+02	4.013893e+00	4.204843e+05	      4466	         2
5.554901e+01	4.023887e+00	8.427515e+06	       561	         2
6.830504e+00	-4.007575e+00	3.193253e+06	       385	         2
6.180232e+00	4.018936e+00	4.479097e+06	      1765	         2
2.749569e+01	-4.016933e+00	3.652483e+06	       531	         2
5.142949e+01	4.011038e+00	2.888861e+06	      1586	         2
6.122656e-02	-4.010533e+00	3.639316e+06	       618	         2
1.038725e+01	4.015620e+00	3.976083e+05	       731	         2
5.842256e+03	4.011745e+00	8.643399e+06	      1422	         2
2.254547e+01	4.019252e+00	4.159759e+06	      3086	         2
1.170243e+01	-4.001056e+00	2.462680e+06	      1834	         2
7.472156e+00	4.016872e+00	3.687324e+06	       652	         2
1.875164e+00	4.004493e+00	2.956688e+06	       194	         2
3.590167e+00	4.019859e+00	8.918820e+06	       527	         2
8.080726e+00	4.007702e+00	9.029646e+06	       726	         2
2.231750e-02	4.000186e+00	3.369044e+06	       359	         2
1.039327e+01	4.002341e+00	6.684661e+05	      1651	         2
7.310727e+00	-4.015346e+00	4.095860e+06	      2029	         2
1.340839e+01	4.013203e+00	5.349109e+06	       395	         2
2.150255e+01	-4.007527e+00	4.477290e+06	      2169	         2
2.966071e-04	-4.000898e+00	6.756928e+06	       838	         2
2.697998e+00	-4.008200e+00	6.990245e+06	       500	         2
1.194220e+01	4.013088e+00	3.586370e+05	      3269	         2
1.028120e+01	4.003497e+00	7.408488e+06	       626	         2
3.773694e+00	-4.016775e+00	1.546896e+06	      2812	         2
1.819366e+01	-4.000381e+00	4.713240e+06	       626	         2
3.376706e+00	4.009462e+00	9.160628e+06	      1339	         2
4.199602e+01	4.015101e+00	2.421594e+06	      2275	         2
5.769084e+01	4.001574e+00	3.869019e+06	       301	         2
1.040501e+01	4.010657e+00	5.968147e+06	      1319	         2
7.162200e+00	-4.004738e+00	7.613510e+06	       887	         2
1.792999e+01	4.012508e+00	3.324174e+04	      1929	         2
1.649887e+00	4.021992e+00	4.814531e+06	       283	         2
3.325633e+01	4.003015e+00	6.731457e+06	       295	         2
8.145754e+00	-4.015280e+00	3.332209e+06	      2155	         2
1.082397e+01	4.005178e+00	9.648967e+06	      1025	         2
1.710028e+01	-4.011084e+00	1.571729e+06	       897	         2
6.454854e+00	-4.013325e+00	5.721597e+06	       255	         2
3.025266e+00	4.013311e+00	6.141703e+06	       189	         2
2.541774e-01	4.004419e+00	2.868153e+06	       431	         2
1.932780e+01	4.006488e+00	8.112662e+06	      2774	         2
1.072023e+01	4.000928e+00	4.057917e+06	      1440	         2
6.249922e+00	4.015477e+00	7.847254e+06	       614	         2
1.287499e+01	-4.009070e+00	7.580182e+06	       678	         2
1.199690e+02	-4.000040e+00	9.209864e+06	      1260	         2
5.538281e+00	4.006345e+00	3.236319e+06	      1829	         2
3.325443e+01	4.021503e+00	1.660901e+06	      2827	         2
8.964750e+00	-4.009109e+00	2.946692e+06	       970	         2
1.410462e+01	-4.010306e+00	9.517342e+06	       573	         2
3.212251e+01	-4.000294e+00	3.238534e+06	      3463	         2
1.876776e+01	4.004789e+00	7.010688e+06	       362	         2
5.210630e-03	4.002374e+00	2.835958e+06	      1108	         2
9.499212e+00	-4.027833e+00	1.302919e+06	      3496	         2
2.363593e+00	4.003672e+00	4.855101e+06	       358	         2
1.200307e+01	4.009620e+00	6.545410e+06	      1390	         2
4.809542e+00	4.005219e+00	1.414079e+06	      1030	         2
1.936237e-03	-4.016926e+00	1.112391e+06	       801	         2
7.471886e+00	4.011217e+00	3.295538e+06	      4359	         2
5.591053e+00	4.017158e+00	6.183963e+06	       591	         2
1.787700e+01	4.020471e+00	8.871530e+04	      2594	         2
1.759293e+00	-4.007217e+00	3.348462e+06	       781	         2
1.898859e+01	-4.009565e+00	1.733879e+06	      2205	         2
5.181685e+00	4.000264e+00	1.843431e+06	       369	         2
2.156873e-03	4.004182e+00	4.724330e+06	       413	         2
2.261073e-03	4.019486e+00	3.762290e+06	      1358	         2
1.579517e-02	4.001227e+00	4.620021e+06	      1047	         2
2.135810e+01	4.021453e+00	7.835614e+06	      2646	         2
1.782426e+01	4.024613e+00	5.329109e+06	       147	         2
2.187111e-02	-4.012424e+00	2.021019e+06	      1962	         2
1.797485e+01	4.013088e+00	3.146544e+06	      2668	         2
8.346966e-01	-4.003806e+00	1.024204e+06	      1604	         2
3.150166e+02	-4.015692e+00	2.540775e+05	      1047	         2
2.218536e+01	4.011721e+00	8.919182e+06	       899	         2
5.652953e+00	4.026087e+00	7.932796e+06	      2154	         2
1.081931e+00	-4.009885e+00	7.352282e+06	       290	         2
1.446516e+01	4.015034e+00	2.115559e+06	      1315	         2
4.356904e+01	-4.019694e+00	4.120165e+06	       321	         2
9.626717e+00	4.023490e+00	2.201579e+06	       299	         2
2.318553e+01	4.010111e+00	1.093298e+06	      1947	         2
1.650509e+01	4.008240e+00	9.921280e+06	      1129	         2
5.664696e+00	-4.004673e+00	1.316678e+06	       379	         2
1.859593e+01	4.005422e+00	1.449865e+06	      1002	         2
2.464616e+01	-4.005648e+00	6.422042e+06	       178	         2
2.806913e-01	-4.007493e+00	4.708082e+06	      1874	         2
5.857474e+01	4.000031e+00	3.544780e+06	      1618	         2
6.728350e+00	4.012413e+00	8.743625e+06	       530	         2
1.668497e+01	-4.004567e+00	6.031760e+06	       360	         2
7.912890e+00	4.015636e+00	9.314924e+06	      1741	         2
2.598037e+00	4.007255e+00	2.635009e+06	       500	         2
1.936611e+01	-4.001851e+00	6.703371e+06	      3724	         2
1.375113e+00	-4.000836e+00	3.661498e+06	      1684	         2
3.737207e+01	-4.003956e+00	9.421751e+06	      1131	         2
2.304505e-02	4.013156e+00	6.561238e+06	       994	         2
2.181061e+02	4.002472e+00	9.414161e+06	       192	         2
1.565819e+02	-4.004689e+00	6.607051e+06	      1448	         2
3.459661e+00	-4.011232e+00	1.544938e+06	       643	         2
2.978557e+00	-4.002784e+00	2.809609e+06	       313	         2
3.091981e+00	4.006384e+00	9.172212e+06	       325	         2
1.812058e+01	-4.000700e+00	9.057598e+06	      1046	         2
6.915076e+00	-4.021538e+00	5.874433e+06	      1164	         2
2.359173e+01	-4.020458e+00	5.837190e+06	      1900	         2
1.067004e+01	4.005479e+00	4.167763e+06	      3908	         2
4.752529e+00	4.003721e+00	3.146542e+06	      1742	         2
1.422563e+01	-4.015324e+00	2.026030e+06	       547	         2
3.418197e+00	-4.016108e+00	1.691007e+06	       872	         2
1.796766e-02	4.011702e+00	1.745936e+06	      1049	         2
1.285796e+00	-4.002713e+00	9.564521e+06	      1181	         2
6.993803e-02	-4.001530e+00	5.778115e+06	      1099	         2
1.285312e+01	4.005761e+00	3.339723e+06	       199	         2
5.027105e+00	4.018711e+00	7.778368e+06	       200	         2
1.419936e+02	-4.001836e+00	8.015875e+06	       654	         2
7.333875e+01	4.002315e+00	4.583292e+06	       302	         2
2.157776e+01	4.001325e+00	7.309442e+06	      2668	         2
7.600660e+00	4.001088e+00	9.996769e+06	       447	         2
6.983482e+01	-4.006134e+00	8.957412e+05	       415	         2
4.085362e-01	4.014457e+00	5.986502e+06	       317	         2
1.442438e+01	-4.014785e+00	3.439074e+06	       326	         2
6.323448e+00	-4.008562e+00	4.960256e+06	       709	         2
9.980259e+00	4.001985e+00	5.139732e+06	       433	         2
1.055159e+01	4.002354e+00	7.889256e+06	      3566	         2
4.471057e+00	4.011621e+00	3.416848e+06	      1867	         2
8.572322e+00	-4.002207e+00	7.327000e+06	      1575	         2
2.264373e+00	4.009212e+00	3.392519e+06	      2185	         2
4.695810e-03	-4.001967e+00	2.500728e+06	       350	         2
8.495329e+02	-4.000597e+00	3.647583e+06	       430	         2
6.172520e-03	-4.005329e+00	8.866447e+06	       188	         2
2.489404e+01	-4.004764e+00	9.744980e+06	      1601	         2
8.378052e+00	-4.005029e+00	1.188364e+06	      2603	         2
1.599532e+01	-4.002018e+00	4.754845e+06	      4735	         2
4.246617e+01	-4.016110e+00	4.505163e+06	      4912	         2
8.894004e-01	4.005066e+00	1.048151e+06	      1675	         2
3.802047e+01	-4.003620e+00	7.016361e+06	       798	         2
3.915394e-01	-4.012297e+00	6.012374e+05	       901	         2
1.211556e+02	-4.015098e+00	9.116724e+06	       775	         2
3.233204e+01	4.016221e+00	6.061902e+06	       563	         2
8.573955e-02	4.017425e+00	6.658057e+06	       431	         2
1.368223e+01	4.005618e+00	7.003146e+06	       173	         2
6.977249e+00	-4.001182e+00	3.320868e+06	       634	         2
1.891509e+02	4.010857e+00	8.588080e+06	       474	         2
6.486876e+00	4.003279e+00	1.735774e+05	      2954	         2
9.555706e+00	-4.016133e+00	7.311455e+06	      1759	         2
3.993296e+00	-4.001862e+00	9.171095e+06	      2108	         2
1.762427e+01	4.007801e+00	7.635624e+06	      2412	         2
1.346600e+02	4.004360e+00	7.599163e+06	      2531	         2
7.291760e+00	4.003440e+00	8.644485e+06	       321	         2
2.479823e+00	4.011716e+00	1.638073e+06	      1542	         2
8.755443e+00	4.011502e+00	7.162142e+05	       759	         2
6.051265e+00	4.009854e+00	4.425460e+06	       167	         2
1.855233e+01	4.006029e+00	8.588828e+06	      1423	         2
2.537899e+01	-4.007987e+00	5.573318e+05	       498	         2
7.406590e+00	4.015930e+00	5.303939e+06	      1078	         2
2.756329e+02	4.001470e+00	2.284243e+06	      1461	         2
1.517033e+02	-4.005679e+00	6.657214e+06	      1340	         2
1.955316e+00	-4.002518e+00	7.557728e+06	      2657	         2
1.128068e+01	4.012830e+00	4.230356e+06	       460	         2
4.243910e+00	4.011442e+00	1.093303e+06	      3579	         2
3.452782e-01	4.006672e+00	9.522641e+06	       689	         2
3.764141e+00	4.008062e+00	5.199058e+06	      1145	         2
6.166521e+02	-4.001278e+00	9.262839e+06	       413	         2
1.220341e+01	4.003581e+00	4.689019e+06	      3603	         2
6.791766e-01	-4.011544e+00	2.019666e+05	       705	         2
2.047799e+01	4.003355e+00	8.208012e+06	       701	         2
2.146268e+02	4.001075e+00	8.042536e+06	      1145	         2
1.021286e+01	-4.011509e+00	1.792156e+06	       995	         2
2.891167e+02	4.014736e+00	3.073400e+06	      1471	         2
1.770813e+01	4.015387e+00	4.108676e+06	      2658	         2
6.490548e+00	4.006481e+00	7.159804e+06	      1090	         2
1.151124e+01	4.010831e+00	6.849121e+06	       228	         2
2.713468e+01	-4.009234e+00	8.130455e+06	       884	         2
2.143027e+01	4.004903e+00	7.259071e+06	       641	         2
9.561525e+01	-4.003156e+00	8.858545e+06	       613	         2
1.523828e+01	-4.006229e+00	7.662219e+06	      2101	         2
4.590897e+01	4.014242e+00	3.464134e+06	      2245	         2
1.215719e+03	-4.003233e+00	3.029485e+06	       689	         2
7.476255e+01	4.006356e+00	1.256791e+06	      1037	         2
1.373611e+00	4.000947e+00	7.103932e+06	       682	         2
1.079609e+01	4.011912e+00	5.836067e+06	      2216	         2
1.290864e+01	-4.003876e+00	4.573407e+06	      1475	         2
2.145152e+00	-4.015428e+00	7.555401e+06	       531	         2
1.278244e+02	4.010791e+00	6.415157e+06	       536	         2
1.593580e+01	4.015055e+00	4.112839e+06	       864	         2
2.302872e+03	4.001560e+00	3.616535e+06	      1175	         2
4.854819e+00	-4.001761e+00	6.083893e+06	       881	         2
8.911381e-03	-4.000894e+00	4.970429e+06	      1246	         2
1.627439e+00	-4.001278e+00	1.987442e+06	       977	         2
1.660849e+02	-4.010274e+00	8.104987e+06	      1232	         2
3.494746e+01	4.002008e+00	7.605393e+06	      1910	         2
2.062346e+01	4.013908e+00	5.803729e+06	       859	         2
5.010341e+01	4.001225e+00	7.716849e+06	       832	         2
2.282044e+01	-4.004294e+00	4.559320e+06	       704	         2
6.330642e-01	4.027712e+00	5.136362e+06	      1881	         2
1.402086e+01	4.007938e+00	6.829943e+06	      1182	         2
1.405765e+01	4.002399e+00	2.985363e+06	      3303	         2
1.066527e+01	-4.008566e+00	7.654130e+06	       395	         2
2.261527e+00	4.018869e+00	9.168342e+06	       906	         2
5.936634e-01	-4.007637e+00	9.876629e+06	       854	         2
2.076072e+00	4.007995e+00	2.245362e+06	      2549	         2
6.591001e+00	4.014973e+00	9.198339e+05	      2307	         2
8.119866e+00	-4.014696e+00	7.386056e+06	       746	         2
1.367460e+01	4.010087e+00	8.010436e+06	       530	         2
1.996097e+01	-4.003511e+00	7.441194e+06	       477	         2
2.514771e+01	-4.011664e+00	3.969620e+06	      2724	         2
2.171529e+01	-4.009775e+00	8.492891e+06	      2784	         2
4.144807e+00	4.004392e+00	8.772630e+06	      1656	         2
1.848268e+00	-4.013774e+00	1.967736e+06	      1748	         2
1.652829e+02	-4.002026e+00	5.279327e+06	       820	         2
5.938415e+00	4.015133e+00	4.095011e+06	       947	         2
1.266566e+01	4.004551e+00	8.760679e+06	      1363	         2
5.942946e+00	-4.001305e+00	7.775647e+06	      1372	         2
3.510102e+01	4.006081e+00	2.140031e+06	      3582	         2
2.081410e+01	-4.002608e+00	1.871501e+06	      2652	         2
5.112858e+00	4.000150e+00	4.089951e+06	       410	         2
4.201601e+00	4.016790e+00	4.043569e+06	      1029	         2
2.323526e+01	4.006985e+00	1.393878e+06	      3251	         2
2.011057e+01	-4.011336e+00	7.567949e+06	       277	         2
7.547338e+00	4.012588e+00	7.993585e+06	       492	         2
6.882516e+00	-4.014123e+00	3.394381e+05	      1056	         2
4.105348e+00	4.004623e+00	2.420213e+06	       683	         2
4.797383e+01	4.004837e+00	9.659565e+06	      1339	         2
7.816574e+00	4.004710e+00	1.326220e+06	      4817	         2
2.609154e+01	-4.007582e+00	2.597137e+06	      1420	         2
2.438495e+01	4.025503e+00	1.784254e+06	       134	         2
1.064431e+01	-4.010388e+00	5.926216e+06	      1520	         2
3.048804e+00	4.017118e+00	4.063561e+06	       766	         2
1.247646e+02	-4.006301e+00	3.090766e+06	       576	         2
1.185330e+02	-4.001795e+00	7.718465e+06	       394	         2
3.788863e+03	-4.002024e+00	2.332025e+06	       245	         2
2.969137e+03	4.013954e+00	3.082444e+06	       187	         2
5.032153e+00	-4.003743e+00	3.980209e+06	       490	         2
2.418297e+01	4.009554e+00	7.209372e+06	      1249	         2
1.809777e+01	4.004384e+00	3.621400e+05	      1281	         2
5.591059e+00	-4.018606e+00	9.121069e+06	      1630	         2
3.739337e+01	4.017140e+00	9.391589e+06	       317	         2
7.120952e+00	-4.024808e+00	9.461391e+05	       579	         2
2.813164e+01	4.015155e+00	4.640953e+06	       702	         2
1.112693e+01	-4.003778e+00	3.693879e+06	      2112	         2
2.663714e+01	-4.025560e+00	4.533428e+06	      1109	         2
1.071834e+02	4.018440e+00	2.578974e+06	      2812	         2
1.019131e+01	4.000942e+00	4.029996e+06	       715	         2
2.346863e+00	-4.009858e+00	3.142649e+06	       635	         2
1.793054e+01	-4.002208e+00	1.979557e+06	      2376	         2
1.208565e+03	4.004117e+00	9.150749e+06	       460	         2
2.736999e+01	4.010792e+00	8.716414e+06	       506	         2
7.835984e+00	-4.005697e+00	1.874014e+06	      1907	         2
1.432765e+01	4.014036e+00	8.925031e+06	       672	         2
6.388415e+01	-4.000594e+00	3.832052e+06	       757	         2
2.176655e+02	-4.001228e+00	2.688652e+06	      1465	         2
3.082690e+01	-4.004459e+00	5.779120e+06	      1091	         2
8.125512e+00	4.002685e+00	7.762783e+06	       462	         2
3.083622e+00	-4.001612e+00	3.121828e+06	      1544	         2
3.745881e+01	4.008937e+00	7.849915e+05	      1079	         2
8.443582e+00	4.007543e+00	7.895890e+06	      1213	         2
1.220450e+01	4.023517e+00	7.133088e+06	       405	         2
1.959700e+01	-4.007612e+00	8.687933e+06	      1799	         2
6.508096e+00	4.007385e+00	6.992607e+06	      3491	         2
1.666736e+01	4.002911e+00	6.850659e+06	      1348	         2
8.435910e+00	4.007901e+00	3.511513e+06	       367	         2
3.570922e+01	-4.004964e+00	3.571054e+06	      3118	         2
8.776760e+00	4.018770e+00	9.833116e+05	      1637	         2
2.211971e+02	4.007600e+00	6.642508e+06	       633	         2
1.087087e+01	-4.007794e+00	9.790848e+06	       765	         2
4.661544e+00	-4.016084e+00	2.740506e+06	       401	         2
9.178404e+01	-4.024069e+00	5.323093e+06	       905	         2
9.761063e+00	-4.001148e+00	7.862317e+05	      1168	         2
3.006411e-03	4.009650e+00	2.412336e+06	      3604	         2
5.560661e+00	-4.002309e+00	1.339378e+06	       870	         2
1.831172e+01	4.000837e+00	6.484353e+06	       604	         2
1.411284e-01	4.015190e+00	5.770331e+06	      2273	         2
3.746653e+00	-4.010427e+00	5.477307e+06	      1888	         2
1.987607e-01	4.023068e+00	3.977652e+06	      1059	         2
2.318247e+01	-4.024802e+00	1.524129e+06	      1886	         2
4.619274e+02	-4.001146e+00	2.662425e+06	      1889	         2
4.557903e+01	4.007818e+00	6.947198e+05	      3647	         2
1.489485e+01	4.012235e+00	4.800586e+06	      2276	         2
3.201854e+01	-4.011081e+00	5.053680e+06	      5104	         2
9.141493e+01	-4.022020e+00	6.239925e+06	       391	         2
7.270490e+00	4.010126e+00	2.268837e+06	       583	         2
4.856711e+01	-4.008616e+00	5.699526e+05	       741	         2
3.541724e+00	4.013115e+00	2.855249e+06	       397	         2
2.983971e+01	-4.014833e+00	1.965480e+06	      1337	         2
2.355230e+00	-4.003683e+00	3.986317e+05	      2863	         2
2.016079e+01	4.001545e+00	2.149498e+06	      1439	         2
2.175155e+00	-4.002080e+00	4.997168e+06	      1233	         2
7.991393e+00	-4.016239e+00	7.428171e+06	      1303	         2
1.741511e+01	4.009919e+00	1.257691e+06	       475	         2
7.920772e+02	-4.003822e+00	8.818253e+06	       228	         2
4.738818e+02	-4.007904e+00	1.654546e+05	     11936	         2
7.736334e+01	-4.001241e+00	3.671501e+06	       527	         2
9.530243e+00	4.004086e+00	6.034897e+06	       839	         2
8.017934e+00	4.005657e+00	9.372409e+05	       848	         2
6.200234e+01	-4.000797e+00	1.450704e+06	      1650	         2
9.888677e-01	-4.007321e+00	4.579026e+04	     11768	         2
2.701170e+01	4.003963e+00	1.743534e+06	       337	         2
1.514296e+01	4.017118e+00	6.764823e+06	       974	         2
6.581414e+01	-4.002418e+00	6.839891e+06	      1177	         2
9.465352e+00	-4.027160e+00	5.275415e+06	       308	         2
1.289996e+00	-4.007221e+00	1.066158e+06	       908	         2
1.495581e+00	4.003258e+00	4.849963e+06	       489	         2
9.786830e+00	-4.005045e+00	9.388026e+06	       653	         2
1.001646e+02	-4.000298e+00	3.684553e+06	      1213	         2
1.902103e+01	4.004593e+00	1.818739e+06	      1841	         2
9.100638e+00	-4.001526e+00	3.351148e+06	      1165	         2
1.323784e+01	4.010989e+00	6.617592e+06	       914	         2
1.807327e-02	4.002208e+00	2.571895e+06	       933	         2
2.107485e+00	-4.011587e+00	8.466743e+06	      1055	         2
2.435857e+01	4.003134e+00	5.288895e+04	      2491	         2
1.204703e+01	4.011793e+00	1.557685e+06	      2217	         2
1.462908e+00	4.009534e+00	2.072693e+06	      2608	         2
1.421474e-02	-4.007705e+00	4.551120e+06	       621	         2
3.160357e+00	-4.022543e+00	4.593337e+06	       219	         2
2.447117e-03	4.001000e+00	9.561459e+06	       727	         2
3.710263e+01	4.004327e+00	6.072115e+06	       729	         2
1.061547e+01	-4.010851e+00	5.805378e+06	       598	         2
1.039941e+00	-4.003643e+00	1.178775e+06	      2388	         2
2.915730e+02	4.010533e+00	3.010265e+06	      3988	         2
4.614679e+00	-4.007904e+00	5.139495e+06	      3493	         2
1.190817e+00	4.007229e+00	5.742544e+06	      2947	         2
1.613148e-03	4.006936e+00	2.528471e+06	       239	         2
8.489116e+00	-4.002120e+00	7.250352e+06	       434	         2
1.025008e+01	-4.009134e+00	5.839578e+06	       957	         2
7.169064e+02	-4.009148e+00	4.918898e+06	      1984	         2
1.570294e+01	4.004850e+00	1.946059e+06	       838	         2
8.262162e+00	-4.014043e+00	4.208080e+06	       592	         2
1.037461e+01	-4.017557e+00	4.936532e+06	       532	         2
1.294363e+01	4.008483e+00	2.327989e+06	      1622	         2
5.434420e+00	-4.002114e+00	5.700434e+06	       539	         2
3.659043e+00	4.008667e+00	7.119408e+06	       155	         2
5.218305e+00	-4.013270e+00	8.707780e+06	       602	         2
7.884961e+01	4.005211e+00	2.855193e+06	       391	         2
1.077271e+01	4.003446e+00	3.163249e+06	       309	         2
6.378380e+00	-4.001502e+00	5.003275e+06	       462	         2
5.244457e+01	-4.012720e+00	1.113707e+06	      1405	         2
5.321428e+01	4.010782e+00	2.645363e+06	       389	         2
4.786301e+00	4.002341e+00	1.154474e+06	      3830	         2
2.463201e+02	-4.004759e+00	2.674712e+06	      1881	         2
1.100578e+01	4.000189e+00	3.299760e+06	       304	         2
4.501192e+01	-4.004883e+00	9.213639e+06	       773	         2
8.361598e+00	4.005504e+00	3.168846e+06	       787	         2
1.563801e+01	-4.006322e+00	1.239682e+06	       943	         2
5.517665e+00	4.000322e+00	9.938594e+06	      2180	         2
6.245338e+01	-4.004895e+00	4.440465e+05	      2476	         2
4.532120e+00	4.003320e+00	7.568862e+06	       941	         2
2.399049e+01	-4.011901e+00	6.084061e+05	      3722	         2
4.498859e+01	-4.006425e+00	9.067925e+05	       537	         2
9.000817e+00	-4.001526e+00	5.186727e+06	      1991	         2
2.538308e+01	4.019678e+00	1.994218e+06	      3387	         2
2.070796e+02	-4.004191e+00	7.915889e+06	      3509	         2
2.595072e+02	-4.005247e+00	7.980879e+06	      1859	         2
3.980896e+01	-4.014586e+00	4.484211e+06	       573	         2
3.424008e-03	-4.008496e+00	6.106595e+06	      1942	         2
3.347202e+01	4.014356e+00	6.264456e+06	      4098	         2
1.989857e+01	-4.005935e+00	2.944798e+06	      1600	         2
1.826036e+00	-4.012200e+00	5.448739e+06	      1694	         2
1.599595e+01	4.001914e+00	6.768977e+06	       974	         2
1.841091e+00	-4.015973e+00	2.799325e+06	       587	         2
1.624270e+01	-4.005957e+00	4.583555e+06	      1048	         2
3.601819e+00	4.011295e+00	4.148385e+04	      5141	         2
4.572992e-03	-4.018472e+00	9.715867e+06	       989	         2
1.155364e+01	-4.014196e+00	9.055380e+06	      1948	         2
2.603417e+01	-4.019796e+00	6.732150e+06	      3435	         2
9.997892e+00	4.002766e+00	1.188504e+06	      2892	         2
1.308664e+01	-4.007598e+00	3.037928e+06	      2925	         2
9.061402e+00	4.005235e+00	5.265053e+06	      3186	         2
4.089761e+00	-4.014758e+00	4.178442e+06	       318	         2
2.256096e+02	-4.004131e+00	8.523185e+06	       303	         2
4.712858e+01	-4.001678e+00	4.111284e+06	      5028	         2
1.064518e+03	-4.006046e+00	2.093886e+06	      1123	         2
1.919204e+01	4.007554e+00	8.336829e+06	       503	         2
5.661956e+01	-4.002237e+00	3.976581e+06	      1185	         2
1.124921e-02	4.007816e+00	8.631954e+06	       589	         2
3.354106e+00	4.001398e+00	6.951786e+06	       728	         2
7.955941e+00	-4.009032e+00	5.393778e+06	      2604	         2
5.081019e+00	-4.004762e+00	3.720189e+06	      1433	         2
1.947205e+01	4.011829e+00	8.563943e+06	      1829	         2
5.543981e+00	4.002137e+00	2.858628e+05	       642	         2
1.117013e+01	-4.000856e+00	8.831644e+06	       334	         2
1.950514e+02	4.015053e+00	9.656800e+06	       235	         2
1.875383e+01	4.000932e+00	5.455880e+06	      1505	         2
8.319369e-03	4.001323e+00	8.608342e+06	       603	         2
5.532207e-01	-4.009891e+00	5.337640e+06	       461	         2
7.943616e+00	-4.000802e+00	7.993571e+06	       550	         2
9.515920e+01	-4.002097e+00	5.352279e+06	      2315	         2
9.143012e+00	-4.001557e+00	3.849112e+06	       361	         2
2.336340e+01	4.015013e+00	4.245767e+06	      3565	         2
3.102061e+00	-4.010029e+00	2.329124e+06	       662	         2
2.929730e+01	4.004780e+00	6.566471e+06	       628	         2
2.357295e+01	4.003330e+00	8.438123e+06	      1239	         2
7.438867e+00	4.016259e+00	6.427874e+06	       426	         2
3.801351e+01	-4.003203e+00	6.385433e+05	      3529	         2
3.479426e+00	4.001965e+00	6.576052e+06	       303	         2
9.317239e+00	-4.015242e+00	5.811315e+06	       176	         2
1.692976e-01	4.000521e+00	3.606282e+06	      1087	         2
5.113404e-03	-4.007317e+00	9.384740e+06	       611	         2
4.082599e+00	4.000484e+00	8.773055e+06	       544	         2
7.031471e+00	4.008772e+00	7.027243e+06	       691	         2
5.160825e+00	-4.002746e+00	9.609991e+06	      1379	         2
9.854673e-02	-4.000625e+00	2.269614e+06	      1564	         2
1.967338e+00	4.022802e+00	5.323822e+05	      2948	         2
6.341723e+00	4.002247e+00	2.416717e+06	       353	         2
2.886107e+01	4.012574e+00	8.600909e+06	      1065	         2
5.794179e+00	-4.016615e+00	9.321659e+06	      1124	         2
3.518822e+01	4.002122e+00	4.867600e+06	      1004	         2
2.692649e-03	4.009153e+00	3.677767e+06	       581	         2
7.691653e+01	4.003780e+00	5.343514e+06	      2121	         2
5.274363e+01	-4.011947e+00	7.106845e+05	      2507	         2
1.156622e+01	4.004487e+00	5.300855e+06	       401	         2
5.078071e-03	-4.013964e+00	7.212527e+06	      1063	         2
3.506295e+00	-4.011200e+00	4.046604e+06	      2355	         2
6.972458e+01	4.007062e+00	2.816402e+06	      4214	         2
6.198842e-04	4.007761e+00	9.567852e+06	       369	         2
1.876405e+01	4.003641e+00	5.926144e+06	       855	         2
3.510332e+01	4.002236e+00	2.253678e+06	       615	         2
1.421881e+01	-4.006595e+00	2.896977e+06	       988	         2
8.051705e+01	-4.005538e+00	9.549215e+06	      2319	         2
1.073400e+00	-4.003632e+00	2.096543e+06	      3414	         2
1.516334e+01	-4.007877e+00	8.535540e+06	      1619	         2
1.023428e+01	-4.015803e+00	6.483701e+06	       324	         2
6.403784e+00	-4.011320e+00	2.194239e+06	      1697	         2
4.015559e+01	-4.004836e+00	7.739021e+06	       871	         2
5.985746e+01	-4.008930e+00	7.022932e+06	       156	         2
9.192708e+00	4.005867e+00	9.275189e+06	       553	         2
2.643585e+00	4.006003e+00	3.883125e+06	      2137	         2
1.409043e+02	-4.005451e+00	4.110946e+06	      1578	         2
6.192345e+00	4.004193e+00	3.333047e+06	      1129	         2
3.001292e+01	4.002028e+00	4.244460e+06	      1586	         2
1.913543e-01	4.013481e+00	2.496367e+06	      1420	         2
6.621997e+00	-4.005370e+00	9.842826e+06	      2050	         2
5.040796e+01	4.008604e+00	3.075995e+06	      1851	         2
4.189065e-01	4.002376e+00	2.402720e+06	      1608	         2
1.231826e+02	-4.009373e+00	5.872370e+06	      1768	         2
1.166926e+01	-4.013188e+00	6.843006e+06	       238	         2
5.177574e+00	-4.000634e+00	7.594621e+06	       775	         2
1.367682e-02	-4.010779e+00	5.546479e+06	       389	         2
1.391924e+03	4.002612e+00	9.918842e+06	       312	         2
1.841293e+01	-4.000472e+00	9.228056e+06	      2790	         2
6.629293e+01	-4.001559e+00	3.684920e+06	      1289	         2
2.050402e+01	4.006634e+00	5.918828e+06	       701	         2
3.353299e+03	4.011153e+00	4.010542e+06	      1552	         2
4.293485e+00	4.018131e+00	3.045123e+06	       403	         2
5.838658e+00	-4.000800e+00	9.607046e+06	      1182	         2
5.119388e+00	-4.018033e+00	8.047338e+06	       455	         2
7.280841e+01	4.017327e+00	4.428465e+06	       508	         2
7.000410e+00	-4.001306e+00	1.711031e+06	      1435	         2
2.634164e+01	-4.012995e+00	7.438102e+06	      1469	         2
1.138265e+01	4.001186e+00	5.532727e+06	      3260	         2
3.324658e+02	4.002156e+00	1.182419e+06	      1682	         2
1.985991e+02	-4.014126e+00	5.863137e+06	       973	         2
7.302321e+00	-4.019232e+00	6.362214e+06	       625	         2
7.807037e+00	-4.007130e+00	9.739745e+06	       658	         2
4.729655e+00	5.659229e-03	2.914127e+06	      1663	         1
3.131355e+02	4.016180e+00	3.527058e+06	      1412	         2
4.368942e+00	4.011834e+00	2.789101e+06	       836	         2
1.278864e+01	4.001112e+00	2.038243e+06	      2675	         2
1.434377e+01	4.002784e+00	3.920821e+06	      2935	         2
2.013232e+01	-4.015607e+00	2.786946e+06	       334	         2
8.894423e+01	4.011548e+00	6.051324e+06	      1330	         2
1.834606e+01	4.013102e+00	5.665161e+06	       552	         2
1.346728e+02	-4.001559e+00	7.715227e+05	       425	         2
3.427201e+00	4.001610e+00	2.967498e+06	      2508	         2
3.869721e+01	4.002205e+00	5.855068e+06	       248	         2
7.482847e+00	4.013121e+00	3.120339e+06	       411	         2
1.819415e+01	4.003158e+00	8.339307e+06	      1507	         2
7.491106e-03	4.008524e+00	5.054627e+06	       831	         2
4.598635e+00	-4.020384e+00	8.163702e+06	       677	         2
1.423503e+01	4.016137e+00	8.008727e+06	       275	         2
4.185487e+00	4.001102e+00	5.655805e+06	       390	         2
1.662672e-02	-4.002273e+00	9.651516e+06	      1495	         2
3.396709e+03	4.005453e+00	3.061952e+06	       379	         2
1.694829e+00	4.011223e+00	9.051614e+06	      1489	         2
1.784070e+00	-4.019129e+00	4.092623e+06	       424	         2
3.823682e+00	4.000037e+00	4.963213e+06	       468	         2
4.110016e+00	-4.005639e+00	3.763270e+06	       961	         2
1.794720e+01	-4.011249e+00	3.091347e+06	      2740	         2
9.624550e+00	-4.000592e+00	8.015904e+05	      1536	         2
7.040113e+02	4.009654e+00	3.844370e+06	       218	         2
7.732659e+01	4.003116e+00	9.529701e+05	      1060	         2
2.648537e+01	-4.001151e+00	1.213586e+06	       761	         2
1.607027e+01	-4.004680e+00	8.870594e+06	      1255	         2
2.073837e+01	-4.017710e+00	8.508986e+06	       610	         2
7.846240e+00	4.011204e+00	8.055169e+05	      1122	         2
1.734038e+02	4.008364e+00	6.376693e+06	      1617	         2
6.063010e-03	4.007456e+00	9.227913e+06	       543	         2
5.588748e+00	4.009810e+00	1.105129e+06	       743	         2
2.204714e+01	-4.004060e+00	6.410425e+06	      1452	         2
2.287817e+00	4.017730e+00	6.807149e+06	       289	         2
6.589528e-01	4.013705e+00	1.826537e+06	      1198	         2
2.132280e-01	4.002326e+00	1.336531e+06	      3810	         2
2.791364e+01	4.002099e+00	6.676190e+06	      1931	         2
1.668818e+03	-4.009498e+00	7.805935e+06	       816	         2
9.125777e+00	4.005775e+00	8.476968e+06	       370	         2
2.260687e+01	4.000750e+00	5.035415e+06	      1850	         2
1.964982e+01	4.001504e+00	8.120630e+06	       396	         2
1.035209e+01	4.014340e+00	7.448678e+06	       322	         2
7.871566e+00	-4.007010e+00	2.782465e+06	       695	         2
5.424487e+01	-4.003670e+00	7.893663e+06	       502	         2
3.236245e+00	-4.007728e+00	4.026599e+06	       189	         2
2.520881e+01	-4.015436e+00	2.115973e+06	       424	         2
7.812042e+01	4.016115e+00	5.409175e+06	      2607	         2
1.044033e-02	-4.013403e+00	5.680371e+06	      3139	         2
6.760736e-03	-4.001122e+00	9.627897e+06	       640	         2
1.107678e+00	-4.000346e+00	9.776934e+05	      1129	         2
6.855883e+01	-4.010890e+00	6.196696e+06	       612	         2
4.546289e+00	-4.013103e+00	1.384378e+05	     10460	         2
5.104168e+00	4.007455e+00	9.708725e+06	       462	         2
4.497729e-03	-4.011375e+00	3.203950e+06	       276	         2
4.260952e+01	-4.022993e+00	2.665242e+06	       624	         2
1.132278e+02	4.006501e+00	3.898472e+06	       963	         2
2.650393e-03	4.019944e+00	4.400430e+06	       492	         2
3.057806e-01	4.002412e+00	6.478442e+06	       463	         2
9.844296e+01	-4.016793e+00	2.561634e+06	       242	         2
8.053903e+01	4.018286e+00	2.548143e+06	      2282	         2
1.305834e+00	4.006262e+00	5.674579e+06	       866	         2
2.486660e+03	-4.015991e+00	7.558595e+06	       218	         2
7.280708e-01	-4.006950e+00	7.059020e+06	      1088	         2
8.569277e+00	-4.018781e+00	3.551082e+06	      2376	         2
2.059720e+01	4.006225e+00	3.778370e+06	      1493	         2
4.738621e+00	-4.006402e+00	5.312982e+06	      1290	         2
9.924985e+01	4.011747e+00	2.578989e+06	       776	         2
6.121698e+00	-4.009893e+00	4.575879e+06	       509	         2
3.095660e+01	4.004013e+00	6.023677e+05	      1700	         2
4.690333e+02	-4.008264e+00	1.046481e+06	       965	         2
4.701657e-01	4.000503e+00	5.715504e+06	       994	         2
1.062765e+02	4.011541e+00	4.496216e+05	      1454	         2
2.472770e+01	4.010295e+00	6.414942e+06	       558	         2
1.419421e+01	-4.001706e+00	1.375365e+06	      2285	         2
2.794179e-01	-4.014556e+00	1.195026e+06	       396	         2
5.222274e+00	-4.012764e+00	2.490419e+06	      2394	         2
8.614987e+00	-4.000822e+00	7.035057e+06	      3941	         2
6.365627e+01	4.012563e+00	1.376527e+06	      1025	         2
1.194556e+01	-4.007893e+00	1.535965e+06	      5093	         2
1.333086e+02	-4.003086e+00	5.294857e+06	      2430	         2
2.097183e+02	-4.004100e+00	9.077457e+06	      1546	         2
5.185538e+00	-4.004957e+00	4.901484e+06	      1767	         2
9.160037e+02	-4.007217e+00	5.270313e+06	      3330	         2
2.880767e+01	4.005412e+00	7.968201e+06	       704	         2
4.117019e+00	-4.008380e+00	8.149897e+06	       189	         2
8.411019e+00	-4.022321e+00	4.650145e+06	       508	         2
2.925559e+01	-4.006853e+00	2.509947e+06	       834	         2
5.530415e+01	4.006728e+00	9.830252e+06	      1059	         2
8.176238e+00	-4.005050e+00	4.613993e+06	      1191	         2
4.470395e-01	4.003500e+00	7.050293e+06	      1492	         2
5.527026e+01	4.004714e+00	1.399840e+06	       410	         2
1.083677e+01	4.009575e+00	1.977107e+05	      1763	         2
1.765861e+01	-4.026718e+00	3.928065e+06	      2212	         2
2.983528e+00	-4.001955e+00	1.850081e+06	      3296	         2
1.535147e+01	-4.006004e+00	5.460091e+05	      2176	         2
1.283970e+02	-4.015494e+00	9.475127e+05	       966	         2
8.551492e+00	4.006003e+00	7.179315e+06	       938	         2
1.982264e+01	-4.002441e+00	9.100383e+06	       503	         2
2.407264e+01	4.000089e+00	8.318885e+06	       681	         2
6.454728e+01	4.009113e+00	3.246106e+06	      1885	         2
1.363815e+01	4.005691e+00	7.752561e+06	      1404	         2
1.482859e+01	4.004968e+00	7.512806e+06	       734	         2
6.684959e+00	-4.010173e+00	3.304025e+06	      1510	         2
2.135490e+02	4.023318e+00	8.570509e+06	       267	         2
1.184789e+01	4.000102e+00	6.425373e+04	      1550	         2
1.577059e+00	-4.003681e+00	1.577115e+06	       630	         2
2.388841e+01	-4.005506e+00	8.528566e+06	       812	         2
2.548627e+01	-4.020952e+00	6.129800e+06	      1684	         2
8.902617e+00	4.011874e+00	6.204484e+04	     10641	         2
1.376697e+01	-4.001714e+00	9.966966e+06	       255	         2
1.648619e+01	-4.002796e+00	1.253413e+05	     12369	         2
9.089140e+00	4.017539e+00	4.693984e+06	       888	         2
6.620646e+01	4.008159e+00	1.317551e+06	      2136	         2
7.328304e+01	-4.003792e+00	8.702267e+06	       965	         2
8.542724e-03	4.021007e+00	9.076535e+06	      2947	         2
1.543772e+01	-4.005254e+00	8.039979e+06	      1135	         2
9.081487e+00	-4.016518e+00	8.230266e+06	       911	         2
1.527102e+00	-4.002711e+00	6.863614e+06	      1935	         2
1.561361e+01	-4.024359e+00	3.558444e+06	      2467	         2
4.902152e+01	-4.000681e+00	5.379646e+06	      1135	         2
3.683057e-02	-4.003655e+00	5.017951e+06	      4134	         2
2.177443e+00	4.007276e+00	2.861089e+05	      5700	         2
8.025428e+02	-4.011840e+00	7.657700e+06	       779	         2
1.218236e+00	-4.000632e+00	8.550704e+06	       661	         2
2.864933e-01	4.010119e+00	1.783809e+05	      3873	         2
3.904663e+00	-4.009764e+00	3.616877e+06	       813	         2
4.271664e+01	-4.009946e+00	1.325931e+05	      6697	         2
1.266774e+00	-4.007420e+00	3.292059e+06	      6144	         2
2.285725e+01	-4.013925e+00	4.829784e+06	       315	         2
4.862069e+01	-4.001357e+00	2.070911e+06	       252	         2
4.743106e-03	-4.000431e+00	8.726147e+06	       683	         2
3.566070e-03	-4.005266e+00	9.675858e+06	      1141	         2
1.308167e+03	4.001992e+00	5.630343e+06	       441	         2
3.207542e+00	-4.015322e+00	3.909271e+06	      2228	         2
8.775476e+01	4.008908e+00	4.495518e+06	       472	         2
5.565071e-06	-4.011519e+00	7.961440e+06	       242	         2
4.063098e-01	4.013558e+00	4.299866e+04	     13226	         2
1.482686e+01	4.013542e+00	8.125437e+06	       213	         2
7.357266e+00	-4.007267e+00	2.304886e+06	      2988	         2
4.495223e+01	4.010735e+00	6.035764e+06	       819	         2
1.089598e+01	-4.008789e+00	1.337570e+06	      2999	         2
2.436371e+01	4.014633e+00	5.170401e+06	      2470	         2
3.051404e-01	-4.007110e+00	5.702710e+06	       593	         2
2.876141e+00	-4.000906e+00	7.381373e+06	       425	         2
3.689890e+00	4.015561e+00	8.213619e+06	       299	         2
1.056497e+00	-4.011220e+00	7.278091e+06	      2019	         2
9.491061e+00	-4.008276e+00	2.680537e+06	       421	         2
2.534575e-03	4.004444e+00	9.951001e+06	       413	         2
4.105095e+01	4.000027e+00	4.331255e+06	      1179	         2
2.193766e+01	-4.015490e+00	6.296385e+06	       502	         2
5.897904e-03	-4.009678e+00	7.507005e+06	       217	         2
6.613826e+00	-4.021705e+00	9.223007e+06	      2474	         2
2.665744e+01	-4.001791e+00	3.189763e+06	      3500	         2
1.687413e+01	4.014209e+00	6.399990e+06	      2037	         2
5.574481e+00	-4.001514e+00	9.173231e+06	       556	         2
7.627503e+01	-4.011637e+00	6.756804e+06	       332	         2
2.479168e+01	-4.007395e+00	3.744277e+06	       314	         2
1.044058e+02	-4.000993e+00	6.881330e+06	       954	         2
3.153466e+02	-4.003014e+00	4.348252e+06	      3038	         2
2.294590e+01	-4.010623e+00	1.392951e+06	      1539	         2
1.630341e+01	-4.004392e+00	1.519495e+06	      1881	         2
1.576501e+00	-4.001399e+00	7.737293e+06	       714	         2
2.613682e+00	4.012911e+00	3.702864e+06	       523	         2
6.621996e+00	4.017639e+00	9.667197e+06	      2682	         2
3.677786e+00	4.010340e+00	7.135231e+06	       659	         2
8.426187e+01	4.001805e+00	7.997583e+06	       967	         2
1.281977e+01	4.008992e+00	7.002680e+05	       761	         2
5.266452e+02	-4.004051e+00	4.335172e+06	       393	         2
2.096592e+01	4.005216e+00	5.218523e+06	       687	         2
3.102901e+01	-4.009014e+00	3.219096e+06	       683	         2
1.704152e+01	-4.012429e+00	2.447006e+06	       865	         2
3.997231e+00	-4.023305e+00	1.817824e+06	       809	         2
1.283713e+02	4.005532e+00	7.496851e+06	      1516	         2
8.351763e+00	-4.014062e+00	8.455105e+06	      2369	         2
1.734476e+01	4.022011e+00	1.212693e+06	       606	         2
9.648187e+01	-4.001207e+00	6.263607e+06	      1634	         2
2.391910e+00	4.007997e+00	1.187528e+06	       681	         2
3.897988e+01	4.004557e+00	2.995215e+06	      1470	         2
1.653475e+01	-4.019849e+00	8.079136e+06	       462	         2
2.443592e+01	4.001959e+00	9.675803e+06	      2098	         2
4.259070e+00	4.000949e+00	6.975776e+05	       512	         2
1.826236e+00	4.000077e+00	7.385000e+06	       393	         2
2.854884e+01	-4.016167e+00	9.807026e+06	       547	         2
7.147192e+00	4.002595e+00	8.228685e+06	       446	         2
1.195811e+01	-4.001886e+00	5.283372e+06	      1703	         2
3.517814e+00	4.009408e+00	5.877658e+06	       395	         2
9.599062e+00	-4.018645e+00	8.763439e+06	      1297	         2
2.806401e+01	-4.010107e+00	5.391875e+06	       689	         2
3.167405e+02	-4.009922e+00	6.009930e+06	       888	         2
1.316771e+01	4.010770e+00	4.462279e+06	      1599	         2
7.469952e+01	4.001318e+00	5.884572e+06	       463	         2
1.974786e+01	-4.022214e+00	9.178852e+06	      1054	         2
9.633768e+00	-4.000178e+00	9.703520e+06	       570	         2
8.931381e+01	4.016160e+00	9.608923e+06	       183	         2
6.275299e+00	-4.004051e+00	6.934250e+06	       508	         2
3.990111e+02	4.000541e+00	4.569585e+06	      2094	         2
2.455400e+01	4.005903e+00	1.285199e+06	       532	         2
7.177532e+00	-4.014134e+00	5.299898e+06	      2739	         2
1.494370e+01	-4.011500e+00	5.808707e+06	      1672	         2
2.396939e+00	4.014182e+00	9.556113e+06	       606	         2
3.042698e+02	4.003076e+00	1.054627e+06	       683	         2
1.595320e+02	-4.009200e+00	3.138620e+06	      1686	         2
6.470447e+00	4.013254e+00	5.714597e+06	       655	         2
1.535106e+01	-4.009238e+00	6.817746e+06	      2525	         2
1.888870e+01	-4.015200e+00	5.209626e+06	      2913	         2
1.362090e+01	-4.005539e+00	9.393112e+06	       607	         2
6.707528e+00	-4.001514e+00	9.474385e+06	      2399	         2
8.966970e-03	-4.007350e+00	3.540764e+06	       157	         2
1.708219e+01	-4.007322e+00	5.175423e+06	      1332	         2
1.019704e+00	4.002655e+00	4.346766e+06	      1559	         2
1.104368e+00	4.004018e+00	2.854039e+05	      1953	         2
7.516370e+00	4.013956e+00	4.578073e+06	       211	         2
3.560989e+02	-4.009488e+00	6.449078e+06	      1445	         2
1.347814e+01	-4.015311e+00	6.879103e+06	       510	         2
2.352494e+01	4.004938e+00	4.909757e+06	      2024	         2
1.825764e+02	4.009872e+00	3.094680e+06	       704	         2
1.040816e+02	-4.005303e+00	5.566720e+06	       988	         2
5.381067e+01	4.018780e+00	3.666729e+06	      1602	         2
7.657921e+01	-4.015627e+00	3.777298e+06	      1443	         2
2.023374e-03	-4.002549e+00	7.820608e+06	       325	         2
6.972079e+00	4.011014e+00	3.465397e+06	      1049	         2
3.099985e+00	-4.011042e+00	8.951608e+06	       984	         2
4.729389e-01	4.020881e+00	8.392015e+06	       484	         2
3.513662e+00	-4.001996e+00	1.507358e+06	       594	         2
1.966581e+02	4.018496e+00	3.071562e+06	       594	         2
4.103929e-03	-4.002583e+00	7.252506e+06	      2652	         2
2.319379e+01	-4.019400e+00	5.076681e+06	      2288	         2
7.495165e+01	4.011604e+00	1.895339e+06	       340	         2
3.049149e+00	4.003676e+00	6.181278e+06	      1159	         2
1.475604e+01	4.014288e+00	2.024370e+06	       595	         2
1.837266e+01	4.004279e+00	8.014641e+06	       392	         2
1.730334e+02	-4.008661e+00	1.277690e+06	      2474	         2
1.155317e+01	4.012609e+00	2.861459e+06	      2340	         2
1.179846e+01	4.002511e+00	2.254955e+06	      2394	         2
1.011779e+01	4.006234e+00	4.606742e+06	       587	         2
2.075013e+00	-4.016483e+00	7.575177e+06	       773	         2
6.753900e+00	4.011783e+00	3.354529e+06	      2625	         2
7.905794e+02	-4.008711e+00	7.703298e+06	       664	         2
5.296942e-01	4.001519e+00	2.906110e+05	      2579	         2
3.308165e-01	4.008810e+00	6.722783e+06	       845	         2
2.684293e+01	-4.016358e+00	5.159572e+06	      3891	         2
5.779946e-03	4.010293e+00	1.457799e+06	      1733	         2
1.905535e-03	4.011265e+00	4.426649e+06	      2591	         2
9.717332e+00	4.001838e+00	1.486909e+06	       440	         2
6.783684e+00	-4.003147e+00	7.301077e+06	       520	         2
7.332463e-03	4.000213e+00	7.157827e+06	       804	         2
1.061866e+01	-4.006703e+00	5.090196e+06	       313	         2
6.420847e+00	-4.001881e+00	8.040311e+06	      4652	         2
1.197073e+01	4.010672e+00	6.291449e+06	       728	         2
1.927795e+01	-4.004325e+00	9.392480e+06	      1799	         2
6.845428e+00	4.003043e+00	4.934269e+06	      3801	         2
3.815902e+02	4.005652e+00	9.727191e+06	      2182	         2
2.265235e+01	4.013263e+00	5.355425e+04	     11253	         2
4.348634e+00	4.007593e+00	2.675370e+06	      1834	         2
8.001728e+00	-4.006604e+00	7.140976e+06	       200	         2
1.579610e+01	-4.000117e+00	7.110651e+06	       296	         2
3.454206e+00	-4.001339e+00	8.865527e+06	       474	         2
1.279428e-02	-4.005150e+00	9.058878e+06	       421	         2
6.762578e+01	-4.020532e+00	1.456161e+06	      1174	         2
1.885249e+00	4.012306e+00	5.502076e+06	       908	         2
5.052026e+00	4.015132e+00	7.746452e+06	       836	         2
6.805080e+01	-4.007622e+00	4.095687e+06	      2588	         2
8.885365e+01	-4.005434e+00	6.563122e+06	      1808	         2
1.307399e+02	4.006755e+00	1.467945e+06	      1304	         2
4.366180e+01	-4.000530e+00	7.431842e+05	      1052	         2
7.476811e+00	4.004826e+00	1.268640e+06	      1192	         2
3.584329e+01	4.016318e+00	6.551397e+05	      1278	         2
1.095652e+02	4.008208e+00	9.810655e+06	      1370	         2
1.436394e+01	-4.015300e+00	2.024027e+06	      2405	         2
5.202730e+02	4.002551e+00	7.151284e+06	       825	         2
4.511308e+00	-4.010144e+00	4.195185e+06	       419	         2
1.702869e+01	-4.012297e+00	6.801843e+06	      2542	         2
1.124221e+01	4.022989e+00	4.304728e+06	       906	         2
6.268382e+01	4.009831e+00	6.903087e+06	      1193	         2
4.684340e+00	4.019184e+00	5.587336e+06	       313	         2
6.955691e-03	4.011599e+00	7.206816e+06	       205	         2
8.781243e+00	-4.000967e+00	4.464269e+06	       769	         2
8.177664e+00	-4.008148e+00	1.346194e+06	      1479	         2
3.050111e+00	4.006345e+00	1.177843e+06	       531	         2
1.046316e-02	-4.010836e+00	2.202838e+06	      1314	         2
5.781423e+02	-4.007132e+00	4.853086e+06	      3053	         2
2.450792e+00	-4.017013e+00	1.599787e+05	      6629	         2
3.024457e+00	-4.000208e+00	5.089508e+06	       870	         2
1.000261e+01	4.010528e+00	1.805998e+05	      1474	         2
1.945499e+00	-4.010309e+00	5.014072e+06	      1220	         2
1.039730e+01	-4.005348e+00	1.374518e+05	     10596	         2
6.301654e+00	4.010388e+00	4.288376e+06	       613	         2
3.318058e+01	4.011825e+00	9.104489e+06	       207	         2
1.032902e+01	4.010359e+00	6.246115e+06	       397	         2
1.879815e+02	4.003256e+00	9.548684e+06	       422	         2
5.786844e+02	4.000593e+00	4.677979e+06	      1004	         2
3.973005e+00	4.017026e+00	2.848595e+06	       455	         2
1.681586e+02	4.005897e+00	7.105079e+06	       140	         2
2.083590e+02	-4.002448e+00	4.034629e+06	      2795	         2
9.824193e+01	4.023296e+00	1.465923e+06	      5752	         2
4.244847e+02	-4.013901e+00	6.208372e+06	      1459	         2
6.477263e+01	-4.010970e+00	2.850207e+06	      3057	         2
9.275735e+01	4.005216e+00	7.994629e+06	      1491	         2
1.320927e+00	4.005267e+00	4.285691e+06	       336	         2
2.586426e+02	4.002602e+00	5.902192e+06	       244	         2
1.018088e+01	-4.003112e+00	5.408087e+06	       696	         2
3.631184e+00	4.015866e+00	8.835584e+06	       679	         2
9.098342e+01	-4.014392e+00	1.803296e+06	      2629	         2
1.229567e+01	4.004089e+00	3.243681e+06	      4547	         2
1.692954e+01	-4.009663e+00	2.784843e+05	      2905	         2
5.186072e+02	-4.000348e+00	4.775213e+06	      2020	         2
1.398730e+00	4.001157e+00	6.431980e+05	      1726	         2
1.403880e-01	4.006357e+00	9.413308e+06	       287	         2
2.292420e+00	-4.024465e+00	7.082313e+06	       242	         2
2.679051e+00	-4.021617e+00	6.032376e+06	      1332	         2
6.214872e+01	4.014303e+00	7.408476e+06	       324	         2
6.992371e+00	4.000966e+00	8.098152e+06	       209	         2
2.882249e+02	4.011001e+00	5.682656e+06	       617	         2
1.092987e+01	4.010879e+00	4.077353e+06	       733	         2
3.990703e+01	4.005179e+00	8.234481e+06	       629	         2
1.536887e-02	4.008035e+00	4.171802e+05	       290	         2
1.062915e+01	-4.004280e+00	5.315218e+06	      1068	         2
8.917986e-04	4.009597e+00	9.398043e+06	      2634	         2
1.372186e+01	-4.020599e+00	8.227703e+06	       299	         2
2.183877e-01	-4.002302e+00	2.714940e+06	       928	         2
2.086539e+00	4.014226e+00	2.156386e+06	       885	         2
5.372820e-02	4.001469e+00	4.802144e+06	      1194	         2
2.745422e+01	-4.008539e+00	2.568699e+06	       636	         2
7.237845e+00	4.020328e+00	3.078678e+06	      1342	         2
1.067976e+01	-4.001231e+00	4.616002e+06	      1231	         2
3.292104e+01	4.007820e+00	2.255720e+06	      1179	         2
1.306591e-02	4.008533e+00	9.374854e+06	      1105	         2
3.970638e+01	-4.018648e+00	2.026783e+06	       338	         2
1.296167e+01	4.002403e+00	8.303869e+06	       818	         2
1.017710e+03	-4.006473e+00	8.841454e+06	       337	         2
7.769666e+00	4.013181e+00	2.550486e+06	      1073	         2
3.061540e+00	-4.009431e+00	4.079757e+06	      3126	         2
1.283752e+01	-4.004899e+00	5.224695e+06	      1619	         2
2.078962e+01	-4.023938e+00	1.364712e+06	      2006	         2
2.823246e+01	-4.006031e+00	4.409840e+06	      1717	         2
1.393645e+01	4.008065e+00	7.610997e+06	       841	         2
3.019141e+01	4.007051e+00	6.953139e+06	      1374	         2
3.722385e+01	-4.009880e+00	2.100579e+06	      7359	         2
1.261094e+00	4.004908e+00	6.153864e+06	       209	         2
7.703773e+00	4.009933e+00	2.132455e+06	       646	         2
9.858082e-01	4.005785e+00	1.618277e+06	      2661	         2
5.127963e+01	4.001300e+00	2.844279e+06	      1481	         2
4.218949e+00	4.011434e+00	2.865302e+06	       628	         2
7.159440e+00	-4.007875e+00	7.179365e+05	      5410	         2
5.958982e+01	-4.004995e+00	5.205886e+06	       772	         2
4.710073e+00	-4.015402e+00	8.258040e+06	      2170	         2
3.262484e+02	4.022095e+00	7.751192e+06	       172	         2
2.965682e+00	-4.023689e+00	7.227628e+06	      2155	         2
1.346908e+01	4.000581e+00	4.157065e+06	      1495	         2
3.749111e+00	-4.004845e+00	6.379567e+06	      2970	         2
3.223712e+00	-4.006423e+00	9.712009e+06	      1663	         2
4.851511e+00	-4.001669e+00	9.238469e+06	       611	         2
3.213397e+00	4.009202e+00	5.213559e+06	      2789	         2
4.001059e+01	-4.012849e+00	5.410710e+06	       638	         2
5.464706e-01	4.021459e+00	8.170284e+06	      1702	         2
2.606498e+02	-4.029090e+00	1.211717e+06	      1144	         2
1.613598e+01	-4.008480e+00	7.713831e+06	       998	         2
2.192317e+02	-4.005598e+00	7.984944e+06	       484	         2
1.042961e+01	-4.007483e+00	6.484037e+06	      1582	         2
1.083255e+02	-4.012330e+00	2.832337e+06	       867	         2
4.305086e-01	-4.005031e+00	7.463076e+06	      1991	         2
3.921037e+01	4.012356e+00	1.079909e+06	      1354	         2
6.289899e+01	-4.013622e+00	7.658012e+06	      2332	         2
1.330408e+02	-4.001856e+00	2.873025e+06	       809	         2
9.578077e+00	4.005900e+00	7.746970e+06	       316	         2
3.043357e+01	4.014762e+00	6.127473e+06	       758	         2
3.505167e+00	-4.004358e+00	4.458716e+06	       465	         2
6.789016e+00	4.020152e+00	6.183991e+06	       293	         2
1.458914e+01	-4.004741e+00	1.961687e+06	      5012	         2
1.748042e+01	-4.006719e+00	6.859792e+06	       547	         2
1.929289e+01	-4.010400e+00	5.987221e+06	      1933	         2
1.533547e+01	-4.008564e+00	5.314634e+06	       597	         2
8.068599e+00	-4.009515e+00	6.144078e+05	      3778	         2
2.654810e+01	-4.008200e+00	8.608357e+06	      1326	         2
7.750726e+00	-4.019134e+00	5.586481e+06	       706	         2
2.242337e+01	4.004066e+00	9.136709e+06	      1815	         2
6.655662e+02	4.002190e+00	2.361284e+06	       721	         2
2.723197e+01	4.004570e+00	8.144600e+06	       288	         2
2.296543e+01	4.010472e+00	9.261595e+06	      1521	         2
1.417413e+02	-4.012289e+00	4.338211e+06	       449	         2
8.298401e+01	4.020416e+00	2.781198e+06	      2256	         2
1.861715e+00	4.004392e+00	1.859178e+06	       990	         2
8.833227e+00	-4.012126e+00	5.447868e+06	       612	         2
2.586771e+00	4.012995e+00	6.462172e+06	       191	         2
2.197452e-02	4.009140e+00	5.910912e+06	       385	         2
5.644079e+00	-4.017450e+00	3.601484e+06	       498	         2
1.565742e+01	4.000344e+00	1.189464e+06	      6723	         2
2.803071e+01	-4.003353e+00	1.935073e+06	       984	         2
1.619468e+01	-4.004709e+00	8.719219e+06	       408	         2
6.885980e+00	4.003594e+00	2.400191e+06	      1070	         2
5.086160e+00	4.018694e+00	1.175283e+06	      1161	         2
5.680127e+00	4.012119e+00	5.498127e+06	       316	         2
1.686637e+01	4.004454e+00	8.718341e+05	       854	         2
1.171742e-02	4.000721e+00	1.358336e+06	       952	         2
3.808492e+01	-4.002622e+00	4.922207e+06	      1929	         2
1.175811e+00	-4.006154e+00	7.901582e+06	       241	         2
2.691676e+00	-4.001044e+00	7.180387e+06	      1456	         2
2.151985e-01	-4.019257e+00	6.530383e+06	       599	         2
1.027442e+01	4.020513e+00	5.644341e+06	       226	         2
6.485741e+00	-4.007504e+00	6.919616e+06	       728	         2
8.316709e+00	-4.015027e+00	9.997945e+05	      2733	         2
2.424098e+01	4.002473e+00	6.705028e+06	       963	         2
7.253157e+00	-4.009730e+00	6.277264e+06	      1759	         2
5.652025e+01	4.008524e+00	9.140887e+06	       405	         2
1.463707e+01	4.003955e+00	9.265963e+06	       601	         2
1.831514e+02	-4.002311e+00	6.449862e+06	      1619	         2
3.291203e+00	-4.009600e+00	3.037848e+06	      1673	         2
1.273216e+00	4.015603e+00	8.128604e+06	       628	         2
1.356189e+01	4.016186e+00	7.184132e+06	      2540	         2
1.608300e+02	-4.016189e+00	5.302241e+05	      2075	         2
7.899412e+02	-4.002572e+00	1.482632e+06	      1722	         2
1.966589e+02	-4.008513e+00	8.048548e+06	       247	         2
1.254961e+00	-4.001643e+00	3.045016e+06	      3115	         2
1.395079e+01	4.017367e+00	1.685878e+06	      4358	         2
1.463565e+01	-4.002612e+00	9.285864e+06	       222	         2
1.464061e+01	4.007636e+00	9.604142e+06	       583	         2
4.369378e+00	-4.002041e+00	8.381407e+06	       921	         2
2.120771e+01	-4.016273e+00	6.885306e+06	      1436	         2
6.448406e+00	4.016985e+00	4.645872e+05	       383	         2
2.641704e+01	4.022554e+00	1.040835e+06	      1462	         2
2.572905e+01	-4.003943e+00	4.262485e+06	      3115	         2
5.377244e+01	4.009558e+00	5.533086e+06	       819	         2
9.003056e+00	4.015455e+00	8.791021e+06	       999	         2
2.483513e+02	-4.002532e+00	9.595131e+06	       802	         2
1.761246e+01	-4.012392e+00	5.004532e+06	       916	         2
4.774939e+02	4.002466e+00	7.673815e+06	       855	         2
7.047285e+00	4.004132e+00	3.931907e+06	      1343	         2
2.401498e+02	-4.002725e+00	3.330397e+06	      2021	         2
5.275347e+01	-4.010149e+00	1.839004e+06	      2990	         2
1.245732e+03	4.008902e+00	9.184545e+06	       309	         2
9.960736e+00	4.004694e+00	8.142149e+06	       458	         2
7.245846e+00	4.016167e+00	9.575770e+06	       354	         2
3.231651e+00	-4.004184e+00	9.028607e+06	       251	         2
2.848474e+00	4.017941e+00	1.037394e+06	      2567	         2
2.962737e+01	-4.009321e+00	9.721615e+06	      1333	         2
4.841202e+00	4.020383e+00	9.118891e+06	      1596	         2
8.263442e+00	-4.007967e+00	8.642872e+06	       218	         2
2.447877e+02	-4.011507e+00	3.967561e+06	      1227	         2
3.468476e+02	4.017652e+00	2.022463e+06	       286	         2
9.873289e+01	-4.020427e+00	7.412906e+06	       474	         2
1.165906e+01	-4.003560e+00	6.538633e+06	      2452	         2
